126.2,800,0,0.3048,71.3,0.0026634
125.2,1000,0,0.3048,71.3,0.0026634
125.95,1250,0,0.3048,71.3,0.0026634
127.59,1600,0,0.3048,71.3,0.0026634
127.46,2000,0,0.3048,71.3,0.0026634
125.57,2500,0,0.3048,71.3,0.0026634
125.2,3150,0,0.3048,71.3,0.0026634
123.06,4000,0,0.3048,71.3,0.0026634
121.3,5000,0,0.3048,71.3,0.0026634
119.54,6300,0,0.3048,71.3,0.0026634
117.15,8000,0,0.3048,71.3,0.0026634
115.39,10000,0,0.3048,71.3,0.0026634
112.24,12500,0,0.3048,71.3,0.0026634
108.72,16000,0,0.3048,71.3,0.0026634
126.42,500,0,0.3048,55.5,0.0028308
127.7,630,0,0.3048,55.5,0.0028308
128.09,800,0,0.3048,55.5,0.0028308
126.97,1000,0,0.3048,55.5,0.0028308
126.09,1250,0,0.3048,55.5,0.0028308
126.99,1600,0,0.3048,55.5,0.0028308
126.62,2000,0,0.3048,55.5,0.0028308
124.11,2500,0,0.3048,55.5,0.0028308
123.24,3150,0,0.3048,55.5,0.0028308
121.11,4000,0,0.3048,55.5,0.0028308
119.61,5000,0,0.3048,55.5,0.0028308
117.98,6300,0,0.3048,55.5,0.0028308
116.48,8000,0,0.3048,55.5,0.0028308
113.08,10000,0,0.3048,55.5,0.0028308
111.08,12500,0,0.3048,55.5,0.0028308
118.13,200,0,0.3048,39.6,0.0031014
119.32,250,0,0.3048,39.6,0.0031014
122.78,315,0,0.3048,39.6,0.0031014
124.81,400,0,0.3048,39.6,0.0031014
126.96,500,0,0.3048,39.6,0.0031014
128.63,630,0,0.3048,39.6,0.0031014
129.1,800,0,0.3048,39.6,0.0031014
127.9,1000,0,0.3048,39.6,0.0031014
125.5,1250,0,0.3048,39.6,0.0031014
124.05,1600,0,0.3048,39.6,0.0031014
123.69,2000,0,0.3048,39.6,0.0031014
121.4,2500,0,0.3048,39.6,0.0031014
120.32,3150,0,0.3048,39.6,0.0031014
119.23,4000,0,0.3048,39.6,0.0031014
117.79,5000,0,0.3048,39.6,0.0031014
116.23,6300,0,0.3048,39.6,0.0031014
114.78,8000,0,0.3048,39.6,0.0031014
112.14,10000,0,0.3048,39.6,0.0031014
109.62,12500,0,0.3048,39.6,0.0031014
117.19,200,0,0.3048,31.7,0.0033127
118.59,250,0,0.3048,31.7,0.0033127
122.77,315,0,0.3048,31.7,0.0033127
125.05,400,0,0.3048,31.7,0.0033127
127.31,500,0,0.3048,31.7,0.0033127
129.09,630,0,0.3048,31.7,0.0033127
129.24,800,0,0.3048,31.7,0.0033127
127.36,1000,0,0.3048,31.7,0.0033127
124.36,1250,0,0.3048,31.7,0.0033127
122.36,1600,0,0.3048,31.7,0.0033127
122.38,2000,0,0.3048,31.7,0.0033127
120.75,2500,0,0.3048,31.7,0.0033127
119.14,3150,0,0.3048,31.7,0.0033127
118.14,4000,0,0.3048,31.7,0.0033127
115.64,5000,0,0.3048,31.7,0.0033127
113.78,6300,0,0.3048,31.7,0.0033127
110.52,8000,0,0.3048,31.7,0.0033127
108.27,10000,0,0.3048,31.7,0.0033127
127.12,800,1.5,0.3048,71.3,0.0033673
125.99,1000,1.5,0.3048,71.3,0.0033673
125.87,1250,1.5,0.3048,71.3,0.0033673
126.63,1600,1.5,0.3048,71.3,0.0033673
126.64,2000,1.5,0.3048,71.3,0.0033673
124.51,2500,1.5,0.3048,71.3,0.0033673
123.39,3150,1.5,0.3048,71.3,0.0033673
121.76,4000,1.5,0.3048,71.3,0.0033673
119.63,5000,1.5,0.3048,71.3,0.0033673
118.12,6300,1.5,0.3048,71.3,0.0033673
115.37,8000,1.5,0.3048,71.3,0.0033673
113.49,10000,1.5,0.3048,71.3,0.0033673
109.22,12500,1.5,0.3048,71.3,0.0033673
106.58,16000,1.5,0.3048,71.3,0.0033673
121.85,315,1.5,0.3048,39.6,0.0039211
124,400,1.5,0.3048,39.6,0.0039211
126.66,500,1.5,0.3048,39.6,0.0039211
128.31,630,1.5,0.3048,39.6,0.0039211
128.83,800,1.5,0.3048,39.6,0.0039211
127.58,1000,1.5,0.3048,39.6,0.0039211
125.21,1250,1.5,0.3048,39.6,0.0039211
122.21,1600,1.5,0.3048,39.6,0.0039211
122.1,2000,1.5,0.3048,39.6,0.0039211
120.98,2500,1.5,0.3048,39.6,0.0039211
119.11,3150,1.5,0.3048,39.6,0.0039211
117.74,4000,1.5,0.3048,39.6,0.0039211
116.24,5000,1.5,0.3048,39.6,0.0039211
114.75,6300,1.5,0.3048,39.6,0.0039211
112.25,8000,1.5,0.3048,39.6,0.0039211
108.99,10000,1.5,0.3048,39.6,0.0039211
106.11,12500,1.5,0.3048,39.6,0.0039211
127.56,400,3,0.3048,71.3,0.0042573
128.45,500,3,0.3048,71.3,0.0042573
129.35,630,3,0.3048,71.3,0.0042573
129.49,800,3,0.3048,71.3,0.0042573
129,1000,3,0.3048,71.3,0.0042573
127.63,1250,3,0.3048,71.3,0.0042573
126.51,1600,3,0.3048,71.3,0.0042573
125.52,2000,3,0.3048,71.3,0.0042573
124.02,2500,3,0.3048,71.3,0.0042573
121.51,3150,3,0.3048,71.3,0.0042573
120.26,4000,3,0.3048,71.3,0.0042573
118.13,5000,3,0.3048,71.3,0.0042573
116.13,6300,3,0.3048,71.3,0.0042573
114.63,8000,3,0.3048,71.3,0.0042573
110.22,10000,3,0.3048,71.3,0.0042573
126.16,400,3,0.3048,55.5,0.0045249
128.18,500,3,0.3048,55.5,0.0045249
129.57,630,3,0.3048,55.5,0.0045249
129.95,800,3,0.3048,55.5,0.0045249
129.33,1000,3,0.3048,55.5,0.0045249
127.33,1250,3,0.3048,55.5,0.0045249
124.44,1600,3,0.3048,55.5,0.0045249
123.07,2000,3,0.3048,55.5,0.0045249
122.44,2500,3,0.3048,55.5,0.0045249
120.19,3150,3,0.3048,55.5,0.0045249
118.69,4000,3,0.3048,55.5,0.0045249
117.31,5000,3,0.3048,55.5,0.0045249
115.68,6300,3,0.3048,55.5,0.0045249
113.8,8000,3,0.3048,55.5,0.0045249
112.17,10000,3,0.3048,55.5,0.0045249
123.31,315,3,0.3048,39.6,0.0049574
125.47,400,3,0.3048,39.6,0.0049574
127.63,500,3,0.3048,39.6,0.0049574
129.29,630,3,0.3048,39.6,0.0049574
129.55,800,3,0.3048,39.6,0.0049574
128.31,1000,3,0.3048,39.6,0.0049574
125.8,1250,3,0.3048,39.6,0.0049574
122.78,1600,3,0.3048,39.6,0.0049574
120.53,2000,3,0.3048,39.6,0.0049574
120.16,2500,3,0.3048,39.6,0.0049574
118.92,3150,3,0.3048,39.6,0.0049574
116.79,4000,3,0.3048,39.6,0.0049574
115.79,5000,3,0.3048,39.6,0.0049574
114.04,6300,3,0.3048,39.6,0.0049574
110.65,8000,3,0.3048,39.6,0.0049574
123.12,315,3,0.3048,31.7,0.0052951
125.4,400,3,0.3048,31.7,0.0052951
127.55,500,3,0.3048,31.7,0.0052951
128.7,630,3,0.3048,31.7,0.0052951
128.71,800,3,0.3048,31.7,0.0052951
126.84,1000,3,0.3048,31.7,0.0052951
124.84,1250,3,0.3048,31.7,0.0052951
122.09,1600,3,0.3048,31.7,0.0052951
120.09,2000,3,0.3048,31.7,0.0052951
119.6,2500,3,0.3048,31.7,0.0052951
118.11,3150,3,0.3048,31.7,0.0052951
115.61,4000,3,0.3048,31.7,0.0052951
113.86,5000,3,0.3048,31.7,0.0052951
109.72,6300,3,0.3048,31.7,0.0052951
126.39,250,4,0.3048,71.3,0.0049777
128.18,315,4,0.3048,71.3,0.0049777
129.57,400,4,0.3048,71.3,0.0049777
130.72,500,4,0.3048,71.3,0.0049777
131.62,630,4,0.3048,71.3,0.0049777
131.75,800,4,0.3048,71.3,0.0049777
131.01,1000,4,0.3048,71.3,0.0049777
129.4,1250,4,0.3048,71.3,0.0049777
126.64,1600,4,0.3048,71.3,0.0049777
124.39,2000,4,0.3048,71.3,0.0049777
123.78,2500,4,0.3048,71.3,0.0049777
121.78,3150,4,0.3048,71.3,0.0049777
119.53,4000,4,0.3048,71.3,0.0049777
117.78,5000,4,0.3048,71.3,0.0049777
116.17,6300,4,0.3048,71.3,0.0049777
113.67,8000,4,0.3048,71.3,0.0049777
110.91,10000,4,0.3048,71.3,0.0049777
107.41,12500,4,0.3048,71.3,0.0049777
123.54,250,4,0.3048,39.6,0.0057964
126.84,315,4,0.3048,39.6,0.0057964
128.63,400,4,0.3048,39.6,0.0057964
130.17,500,4,0.3048,39.6,0.0057964
131.07,630,4,0.3048,39.6,0.0057964
130.72,800,4,0.3048,39.6,0.0057964
128.72,1000,4,0.3048,39.6,0.0057964
126.34,1250,4,0.3048,39.6,0.0057964
123.21,1600,4,0.3048,39.6,0.0057964
120.96,2000,4,0.3048,39.6,0.0057964
120.23,2500,4,0.3048,39.6,0.0057964
118.74,3150,4,0.3048,39.6,0.0057964
115.86,4000,4,0.3048,39.6,0.0057964
113.73,5000,4,0.3048,39.6,0.0057964
128.14,1250,0,0.2286,71.3,0.0021434
129.13,1600,0,0.2286,71.3,0.0021434
128.24,2000,0,0.2286,71.3,0.0021434
128.35,2500,0,0.2286,71.3,0.0021434
127.83,3150,0,0.2286,71.3,0.0021434
125.82,4000,0,0.2286,71.3,0.0021434
124.3,5000,0,0.2286,71.3,0.0021434
122.04,6300,0,0.2286,71.3,0.0021434
118.02,8000,0,0.2286,71.3,0.0021434
118.13,10000,0,0.2286,71.3,0.0021434
117.62,12500,0,0.2286,71.3,0.0021434
114.98,16000,0,0.2286,71.3,0.0021434
114.47,20000,0,0.2286,71.3,0.0021434
119.54,315,0,0.2286,55.5,0.0022934
121.66,400,0,0.2286,55.5,0.0022934
123.78,500,0,0.2286,55.5,0.0022934
126.16,630,0,0.2286,55.5,0.0022934
127.53,800,0,0.2286,55.5,0.0022934
128.29,1000,0,0.2286,55.5,0.0022934
127.91,1250,0,0.2286,55.5,0.0022934
126.79,1600,0,0.2286,55.5,0.0022934
126.54,2000,0,0.2286,55.5,0.0022934
126.54,2500,0,0.2286,55.5,0.0022934
125.16,3150,0,0.2286,55.5,0.0022934
123.41,4000,0,0.2286,55.5,0.0022934
122.41,5000,0,0.2286,55.5,0.0022934
118.41,6300,0,0.2286,55.5,0.0022934
121.06,315,0,0.2286,39.6,0.0025351
123.56,400,0,0.2286,39.6,0.0025351
126.19,500,0,0.2286,39.6,0.0025351
128.71,630,0,0.2286,39.6,0.0025351
130.21,800,0,0.2286,39.6,0.0025351
130.44,1000,0,0.2286,39.6,0.0025351
129.4,1250,0,0.2286,39.6,0.0025351
127.09,1600,0,0.2286,39.6,0.0025351
125.31,2000,0,0.2286,39.6,0.0025351
125.03,2500,0,0.2286,39.6,0.0025351
124.62,3150,0,0.2286,39.6,0.0025351
123.47,4000,0,0.2286,39.6,0.0025351
122.17,5000,0,0.2286,39.6,0.0025351
117.47,6300,0,0.2286,39.6,0.0025351
120.59,315,0,0.2286,31.7,0.0027238
123.64,400,0,0.2286,31.7,0.0027238
126.67,500,0,0.2286,31.7,0.0027238
129.47,630,0,0.2286,31.7,0.0027238
130.72,800,0,0.2286,31.7,0.0027238
130.59,1000,0,0.2286,31.7,0.0027238
128.81,1250,0,0.2286,31.7,0.0027238
125.62,1600,0,0.2286,31.7,0.0027238
123.45,2000,0,0.2286,31.7,0.0027238
123.44,2500,0,0.2286,31.7,0.0027238
123.44,3150,0,0.2286,31.7,0.0027238
122.03,4000,0,0.2286,31.7,0.0027238
120.5,5000,0,0.2286,31.7,0.0027238
116.81,6300,0,0.2286,31.7,0.0027238
125.12,400,2,0.2286,71.3,0.0029303
126.49,500,2,0.2286,71.3,0.0029303
127.36,630,2,0.2286,71.3,0.0029303
128.22,800,2,0.2286,71.3,0.0029303
128.96,1000,2,0.2286,71.3,0.0029303
128.82,1250,2,0.2286,71.3,0.0029303
127.8,1600,2,0.2286,71.3,0.0029303
126.9,2000,2,0.2286,71.3,0.0029303
127.01,2500,2,0.2286,71.3,0.0029303
126.12,3150,2,0.2286,71.3,0.0029303
124.09,4000,2,0.2286,71.3,0.0029303
122.82,5000,2,0.2286,71.3,0.0029303
120.79,6300,2,0.2286,71.3,0.0029303
116,8000,2,0.2286,71.3,0.0029303
113.09,10000,2,0.2286,71.3,0.0029303
122.29,400,2,0.2286,55.5,0.0031353
124.69,500,2,0.2286,55.5,0.0031353
126.84,630,2,0.2286,55.5,0.0031353
128.49,800,2,0.2286,55.5,0.0031353
129,1000,2,0.2286,55.5,0.0031353
128.76,1250,2,0.2286,55.5,0.0031353
126.75,1600,2,0.2286,55.5,0.0031353
124.61,2000,2,0.2286,55.5,0.0031353
123.86,2500,2,0.2286,55.5,0.0031353
123.74,3150,2,0.2286,55.5,0.0031353
122.23,4000,2,0.2286,55.5,0.0031353
120.47,5000,2,0.2286,55.5,0.0031353
118.71,6300,2,0.2286,55.5,0.0031353
120.14,315,2,0.2286,39.6,0.0034657
122.15,400,2,0.2286,39.6,0.0034657
125.16,500,2,0.2286,39.6,0.0034657
127.42,630,2,0.2286,39.6,0.0034657
129.04,800,2,0.2286,39.6,0.0034657
129.15,1000,2,0.2286,39.6,0.0034657
128.26,1250,2,0.2286,39.6,0.0034657
125.84,1600,2,0.2286,39.6,0.0034657
122.8,2000,2,0.2286,39.6,0.0034657
121.4,2500,2,0.2286,39.6,0.0034657
121.63,3150,2,0.2286,39.6,0.0034657
120.23,4000,2,0.2286,39.6,0.0034657
118.83,5000,2,0.2286,39.6,0.0034657
116.42,6300,2,0.2286,39.6,0.0034657
120.15,315,2,0.2286,31.7,0.0037237
123.42,400,2,0.2286,31.7,0.0037237
126.68,500,2,0.2286,31.7,0.0037237
129.06,630,2,0.2286,31.7,0.0037237
130.31,800,2,0.2286,31.7,0.0037237
130.31,1000,2,0.2286,31.7,0.0037237
128.68,1250,2,0.2286,31.7,0.0037237
125.8,1600,2,0.2286,31.7,0.0037237
123.04,2000,2,0.2286,31.7,0.0037237
121.41,2500,2,0.2286,31.7,0.0037237
121.53,3150,2,0.2286,31.7,0.0037237
120.53,4000,2,0.2286,31.7,0.0037237
118.27,5000,2,0.2286,31.7,0.0037237
115.14,6300,2,0.2286,31.7,0.0037237
126.76,500,4,0.2286,71.3,0.004006
129.04,630,4,0.2286,71.3,0.004006
130.69,800,4,0.2286,71.3,0.004006
131.71,1000,4,0.2286,71.3,0.004006
131.72,1250,4,0.2286,71.3,0.004006
129.47,1600,4,0.2286,71.3,0.004006
126.22,2000,4,0.2286,71.3,0.004006
124.34,2500,4,0.2286,71.3,0.004006
124.11,3150,4,0.2286,71.3,0.004006
121.73,4000,4,0.2286,71.3,0.004006
121.12,5000,4,0.2286,71.3,0.004006
118.62,6300,4,0.2286,71.3,0.004006
112.85,8000,4,0.2286,71.3,0.004006
113.11,10000,4,0.2286,71.3,0.004006
114.26,12500,4,0.2286,71.3,0.004006
112.77,16000,4,0.2286,71.3,0.004006
109.64,20000,4,0.2286,71.3,0.004006
123.27,400,4,0.2286,55.5,0.0042862
127.31,500,4,0.2286,55.5,0.0042862
129.96,630,4,0.2286,55.5,0.0042862
131.86,800,4,0.2286,55.5,0.0042862
132.13,1000,4,0.2286,55.5,0.0042862
131.26,1250,4,0.2286,55.5,0.0042862
128.26,1600,4,0.2286,55.5,0.0042862
124.25,2000,4,0.2286,55.5,0.0042862
122.38,2500,4,0.2286,55.5,0.0042862
122.39,3150,4,0.2286,55.5,0.0042862
120.65,4000,4,0.2286,55.5,0.0042862
120.03,5000,4,0.2286,55.5,0.0042862
117.15,6300,4,0.2286,55.5,0.0042862
112.52,8000,4,0.2286,55.5,0.0042862
122.23,315,4,0.2286,39.6,0.004738
123.88,400,4,0.2286,39.6,0.004738
127.04,500,4,0.2286,39.6,0.004738
129.58,630,4,0.2286,39.6,0.004738
130.47,800,4,0.2286,39.6,0.004738
129.97,1000,4,0.2286,39.6,0.004738
128.34,1250,4,0.2286,39.6,0.004738
125.32,1600,4,0.2286,39.6,0.004738
121.66,2000,4,0.2286,39.6,0.004738
119.65,2500,4,0.2286,39.6,0.004738
120.42,3150,4,0.2286,39.6,0.004738
119.16,4000,4,0.2286,39.6,0.004738
117.65,5000,4,0.2286,39.6,0.004738
114.25,6300,4,0.2286,39.6,0.004738
113.13,8000,4,0.2286,39.6,0.004738
120.19,250,4,0.2286,31.7,0.0050907
123.61,315,4,0.2286,31.7,0.0050907
126.15,400,4,0.2286,31.7,0.0050907
128.94,500,4,0.2286,31.7,0.0050907
130.35,630,4,0.2286,31.7,0.0050907
130.87,800,4,0.2286,31.7,0.0050907
129.87,1000,4,0.2286,31.7,0.0050907
128.12,1250,4,0.2286,31.7,0.0050907
125.23,1600,4,0.2286,31.7,0.0050907
122.09,2000,4,0.2286,31.7,0.0050907
120.21,2500,4,0.2286,31.7,0.0050907
120.23,3150,4,0.2286,31.7,0.0050907
118.86,4000,4,0.2286,31.7,0.0050907
115.97,5000,4,0.2286,31.7,0.0050907
112.7,6300,4,0.2286,31.7,0.0050907
127.7,400,5.3,0.2286,71.3,0.0051942
129.88,500,5.3,0.2286,71.3,0.0051942
131.8,630,5.3,0.2286,71.3,0.0051942
133.48,800,5.3,0.2286,71.3,0.0051942
134,1000,5.3,0.2286,71.3,0.0051942
133.38,1250,5.3,0.2286,71.3,0.0051942
130.46,1600,5.3,0.2286,71.3,0.0051942
125.89,2000,5.3,0.2286,71.3,0.0051942
123.74,2500,5.3,0.2286,71.3,0.0051942
123.12,3150,5.3,0.2286,71.3,0.0051942
120.33,4000,5.3,0.2286,71.3,0.0051942
118.05,5000,5.3,0.2286,71.3,0.0051942
116.92,6300,5.3,0.2286,71.3,0.0051942
114.9,8000,5.3,0.2286,71.3,0.0051942
111.35,10000,5.3,0.2286,71.3,0.0051942
127.01,250,5.3,0.2286,39.6,0.0061433
129.69,315,5.3,0.2286,39.6,0.0061433
131.22,400,5.3,0.2286,39.6,0.0061433
132.25,500,5.3,0.2286,39.6,0.0061433
132.01,630,5.3,0.2286,39.6,0.0061433
129.49,800,5.3,0.2286,39.6,0.0061433
125.58,1000,5.3,0.2286,39.6,0.0061433
125.72,1250,5.3,0.2286,39.6,0.0061433
123.08,1600,5.3,0.2286,39.6,0.0061433
117.91,2000,5.3,0.2286,39.6,0.0061433
116.15,2500,5.3,0.2286,39.6,0.0061433
118.44,3150,5.3,0.2286,39.6,0.0061433
115.8,4000,5.3,0.2286,39.6,0.0061433
115.31,5000,5.3,0.2286,39.6,0.0061433
112.54,6300,5.3,0.2286,39.6,0.0061433
138.76,200,7.3,0.2286,71.3,0.01044
139.92,250,7.3,0.2286,71.3,0.01044
139.81,315,7.3,0.2286,71.3,0.01044
139.44,400,7.3,0.2286,71.3,0.01044
136.8,500,7.3,0.2286,71.3,0.01044
133.77,630,7.3,0.2286,71.3,0.01044
130.75,800,7.3,0.2286,71.3,0.01044
126.84,1000,7.3,0.2286,71.3,0.01044
127.36,1250,7.3,0.2286,71.3,0.01044
125.73,1600,7.3,0.2286,71.3,0.01044
122.71,2000,7.3,0.2286,71.3,0.01044
122.09,2500,7.3,0.2286,71.3,0.01044
120.46,3150,7.3,0.2286,71.3,0.01044
119.21,4000,7.3,0.2286,71.3,0.01044
115.3,5000,7.3,0.2286,71.3,0.01044
115.82,6300,7.3,0.2286,71.3,0.01044
135.23,200,7.3,0.2286,55.5,0.011171
136.38,250,7.3,0.2286,55.5,0.011171
136.28,315,7.3,0.2286,55.5,0.011171
135.92,400,7.3,0.2286,55.5,0.011171
133.17,500,7.3,0.2286,55.5,0.011171
130.93,630,7.3,0.2286,55.5,0.011171
128.44,800,7.3,0.2286,55.5,0.011171
125.19,1000,7.3,0.2286,55.5,0.011171
125.72,1250,7.3,0.2286,55.5,0.011171
123.35,1600,7.3,0.2286,55.5,0.011171
120.35,2000,7.3,0.2286,55.5,0.011171
118.99,2500,7.3,0.2286,55.5,0.011171
117.13,3150,7.3,0.2286,55.5,0.011171
117.28,4000,7.3,0.2286,55.5,0.011171
113.14,5000,7.3,0.2286,55.5,0.011171
111.53,6300,7.3,0.2286,55.5,0.011171
130.99,200,7.3,0.2286,39.6,0.012348
131.89,250,7.3,0.2286,39.6,0.012348
132.15,315,7.3,0.2286,39.6,0.012348
132.04,400,7.3,0.2286,39.6,0.012348
130.3,500,7.3,0.2286,39.6,0.012348
128.93,630,7.3,0.2286,39.6,0.012348
126.3,800,7.3,0.2286,39.6,0.012348
122.54,1000,7.3,0.2286,39.6,0.012348
123.19,1250,7.3,0.2286,39.6,0.012348
121.06,1600,7.3,0.2286,39.6,0.012348
117.81,2000,7.3,0.2286,39.6,0.012348
116.56,2500,7.3,0.2286,39.6,0.012348
114.31,3150,7.3,0.2286,39.6,0.012348
114.08,4000,7.3,0.2286,39.6,0.012348
111.96,5000,7.3,0.2286,39.6,0.012348
110.84,6300,7.3,0.2286,39.6,0.012348
128.68,200,7.3,0.2286,31.7,0.013267
130.09,250,7.3,0.2286,31.7,0.013267
130.24,315,7.3,0.2286,31.7,0.013267
130.27,400,7.3,0.2286,31.7,0.013267
128.17,500,7.3,0.2286,31.7,0.013267
126.19,630,7.3,0.2286,31.7,0.013267
123.21,800,7.3,0.2286,31.7,0.013267
119.1,1000,7.3,0.2286,31.7,0.013267
120.51,1250,7.3,0.2286,31.7,0.013267
119.04,1600,7.3,0.2286,31.7,0.013267
115.31,2000,7.3,0.2286,31.7,0.013267
114.71,2500,7.3,0.2286,31.7,0.013267
113.23,3150,7.3,0.2286,31.7,0.013267
112.64,4000,7.3,0.2286,31.7,0.013267
111.03,5000,7.3,0.2286,31.7,0.013267
110.69,6300,7.3,0.2286,31.7,0.013267
125.82,800,0,0.1524,71.3,0.0015988
127.31,1000,0,0.1524,71.3,0.0015988
128.93,1250,0,0.1524,71.3,0.0015988
129.67,1600,0,0.1524,71.3,0.0015988
128.65,2000,0,0.1524,71.3,0.0015988
128.13,2500,0,0.1524,71.3,0.0015988
129.38,3150,0,0.1524,71.3,0.0015988
128.86,4000,0,0.1524,71.3,0.0015988
126.46,5000,0,0.1524,71.3,0.0015988
125.43,6300,0,0.1524,71.3,0.0015988
122.53,8000,0,0.1524,71.3,0.0015988
120.25,10000,0,0.1524,71.3,0.0015988
117.09,12500,0,0.1524,71.3,0.0015988
113.3,16000,0,0.1524,71.3,0.0015988
120.57,500,0,0.1524,55.5,0.0017267
123.58,630,0,0.1524,55.5,0.0017267
126.71,800,0,0.1524,55.5,0.0017267
128.58,1000,0,0.1524,55.5,0.0017267
129.95,1250,0,0.1524,55.5,0.0017267
130.18,1600,0,0.1524,55.5,0.0017267
129.67,2000,0,0.1524,55.5,0.0017267
127.76,2500,0,0.1524,55.5,0.0017267
127.75,3150,0,0.1524,55.5,0.0017267
127.23,4000,0,0.1524,55.5,0.0017267
125.2,5000,0,0.1524,55.5,0.0017267
123.3,6300,0,0.1524,55.5,0.0017267
121.9,8000,0,0.1524,55.5,0.0017267
119.25,10000,0,0.1524,55.5,0.0017267
117.09,12500,0,0.1524,55.5,0.0017267
112.8,16000,0,0.1524,55.5,0.0017267
119.51,500,0,0.1524,39.6,0.0019329
124.4,630,0,0.1524,39.6,0.0019329
127.9,800,0,0.1524,39.6,0.0019329
130.03,1000,0,0.1524,39.6,0.0019329
131.02,1250,0,0.1524,39.6,0.0019329
131.01,1600,0,0.1524,39.6,0.0019329
129.63,2000,0,0.1524,39.6,0.0019329
126.86,2500,0,0.1524,39.6,0.0019329
125.6,3150,0,0.1524,39.6,0.0019329
125.34,4000,0,0.1524,39.6,0.0019329
123.45,5000,0,0.1524,39.6,0.0019329
121.31,6300,0,0.1524,39.6,0.0019329
120.55,8000,0,0.1524,39.6,0.0019329
115.41,10000,0,0.1524,39.6,0.0019329
121.62,500,0,0.1524,31.7,0.0020941
126,630,0,0.1524,31.7,0.0020941
129.12,800,0,0.1524,31.7,0.0020941
130.99,1000,0,0.1524,31.7,0.0020941
131.47,1250,0,0.1524,31.7,0.0020941
130.82,1600,0,0.1524,31.7,0.0020941
128.91,2000,0,0.1524,31.7,0.0020941
125.87,2500,0,0.1524,31.7,0.0020941
124.21,3150,0,0.1524,31.7,0.0020941
123.81,4000,0,0.1524,31.7,0.0020941
122.4,5000,0,0.1524,31.7,0.0020941
119.74,6300,0,0.1524,31.7,0.0020941
117.96,8000,0,0.1524,31.7,0.0020941
127.4,630,2.7,0.1524,71.3,0.0024385
127.39,800,2.7,0.1524,71.3,0.0024385
128.77,1000,2.7,0.1524,71.3,0.0024385
130.14,1250,2.7,0.1524,71.3,0.0024385
130.64,1600,2.7,0.1524,71.3,0.0024385
130.11,2000,2.7,0.1524,71.3,0.0024385
128.33,2500,2.7,0.1524,71.3,0.0024385
127.05,3150,2.7,0.1524,71.3,0.0024385
126.53,4000,2.7,0.1524,71.3,0.0024385
124.36,5000,2.7,0.1524,71.3,0.0024385
121.94,6300,2.7,0.1524,71.3,0.0024385
120.53,8000,2.7,0.1524,71.3,0.0024385
116.72,10000,2.7,0.1524,71.3,0.0024385
113.03,12500,2.7,0.1524,71.3,0.0024385
110.36,16000,2.7,0.1524,71.3,0.0024385
121.01,500,2.7,0.1524,39.6,0.002948
125.81,630,2.7,0.1524,39.6,0.002948
128.83,800,2.7,0.1524,39.6,0.002948
130.59,1000,2.7,0.1524,39.6,0.002948
130.83,1250,2.7,0.1524,39.6,0.002948
130.05,1600,2.7,0.1524,39.6,0.002948
128.14,2000,2.7,0.1524,39.6,0.002948
125.59,2500,2.7,0.1524,39.6,0.002948
122.92,3150,2.7,0.1524,39.6,0.002948
121.89,4000,2.7,0.1524,39.6,0.002948
121.5,5000,2.7,0.1524,39.6,0.002948
119.21,6300,2.7,0.1524,39.6,0.002948
116.66,8000,2.7,0.1524,39.6,0.002948
112.59,10000,2.7,0.1524,39.6,0.002948
108.65,12500,2.7,0.1524,39.6,0.002948
124.12,400,5.4,0.1524,71.3,0.004012
126.29,500,5.4,0.1524,71.3,0.004012
128.97,630,5.4,0.1524,71.3,0.004012
131.28,800,5.4,0.1524,71.3,0.004012
133.2,1000,5.4,0.1524,71.3,0.004012
134.11,1250,5.4,0.1524,71.3,0.004012
133.24,1600,5.4,0.1524,71.3,0.004012
131.11,2000,5.4,0.1524,71.3,0.004012
127.59,2500,5.4,0.1524,71.3,0.004012
123.31,3150,5.4,0.1524,71.3,0.004012
121.43,4000,5.4,0.1524,71.3,0.004012
120.06,5000,5.4,0.1524,71.3,0.004012
116.41,6300,5.4,0.1524,71.3,0.004012
126.81,400,5.4,0.1524,55.5,0.0043329
129.37,500,5.4,0.1524,55.5,0.0043329
131.81,630,5.4,0.1524,55.5,0.0043329
133.1,800,5.4,0.1524,55.5,0.0043329
132.13,1000,5.4,0.1524,55.5,0.0043329
130.78,1250,5.4,0.1524,55.5,0.0043329
130.57,1600,5.4,0.1524,55.5,0.0043329
128.71,2000,5.4,0.1524,55.5,0.0043329
124.08,2500,5.4,0.1524,55.5,0.0043329
121.59,3150,5.4,0.1524,55.5,0.0043329
119.74,4000,5.4,0.1524,55.5,0.0043329
118.76,5000,5.4,0.1524,55.5,0.0043329
117.29,6300,5.4,0.1524,55.5,0.0043329
114.93,8000,5.4,0.1524,55.5,0.0043329
125.35,315,5.4,0.1524,39.6,0.0048503
127.64,400,5.4,0.1524,39.6,0.0048503
129.94,500,5.4,0.1524,39.6,0.0048503
132.36,630,5.4,0.1524,39.6,0.0048503
132.76,800,5.4,0.1524,39.6,0.0048503
130.51,1000,5.4,0.1524,39.6,0.0048503
127.12,1250,5.4,0.1524,39.6,0.0048503
126.27,1600,5.4,0.1524,39.6,0.0048503
124.65,2000,5.4,0.1524,39.6,0.0048503
120.5,2500,5.4,0.1524,39.6,0.0048503
119.14,3150,5.4,0.1524,39.6,0.0048503
117.14,4000,5.4,0.1524,39.6,0.0048503
117.04,5000,5.4,0.1524,39.6,0.0048503
116.68,6300,5.4,0.1524,39.6,0.0048503
125.74,315,5.4,0.1524,31.7,0.0052547
127.78,400,5.4,0.1524,31.7,0.0052547
129.68,500,5.4,0.1524,31.7,0.0052547
131.47,630,5.4,0.1524,31.7,0.0052547
131.49,800,5.4,0.1524,31.7,0.0052547
128.24,1000,5.4,0.1524,31.7,0.0052547
123.99,1250,5.4,0.1524,31.7,0.0052547
123.76,1600,5.4,0.1524,31.7,0.0052547
122.77,2000,5.4,0.1524,31.7,0.0052547
119.15,2500,5.4,0.1524,31.7,0.0052547
118.29,3150,5.4,0.1524,31.7,0.0052547
116.18,4000,5.4,0.1524,31.7,0.0052547
115.69,5000,5.4,0.1524,31.7,0.0052547
115.59,6300,5.4,0.1524,31.7,0.0052547
128.71,315,7.2,0.1524,71.3,0.0075204
130.12,400,7.2,0.1524,71.3,0.0075204
132.04,500,7.2,0.1524,71.3,0.0075204
134.85,630,7.2,0.1524,71.3,0.0075204
136.02,800,7.2,0.1524,71.3,0.0075204
134.27,1000,7.2,0.1524,71.3,0.0075204
132.51,1250,7.2,0.1524,71.3,0.0075204
130.89,1600,7.2,0.1524,71.3,0.0075204
128.64,2000,7.2,0.1524,71.3,0.0075204
124.35,2500,7.2,0.1524,71.3,0.0075204
116.78,3150,7.2,0.1524,71.3,0.0075204
119.34,4000,7.2,0.1524,71.3,0.0075204
118.34,5000,7.2,0.1524,71.3,0.0075204
116.6,6300,7.2,0.1524,71.3,0.0075204
113.33,8000,7.2,0.1524,71.3,0.0075204
110.31,10000,7.2,0.1524,71.3,0.0075204
127.49,250,7.2,0.1524,39.6,0.0090917
130.56,315,7.2,0.1524,39.6,0.0090917
132.12,400,7.2,0.1524,39.6,0.0090917
132.66,500,7.2,0.1524,39.6,0.0090917
133.2,630,7.2,0.1524,39.6,0.0090917
132.36,800,7.2,0.1524,39.6,0.0090917
128.34,1000,7.2,0.1524,39.6,0.0090917
122.43,1250,7.2,0.1524,39.6,0.0090917
120.06,1600,7.2,0.1524,39.6,0.0090917
120.23,2000,7.2,0.1524,39.6,0.0090917
117.48,2500,7.2,0.1524,39.6,0.0090917
111.82,3150,7.2,0.1524,39.6,0.0090917
114.26,4000,7.2,0.1524,39.6,0.0090917
113.29,5000,7.2,0.1524,39.6,0.0090917
112.69,6300,7.2,0.1524,39.6,0.0090917
111.59,8000,7.2,0.1524,39.6,0.0090917
110.87,10000,7.2,0.1524,39.6,0.0090917
134.32,200,9.9,0.1524,71.3,0.0193
135.33,250,9.9,0.1524,71.3,0.0193
135.46,315,9.9,0.1524,71.3,0.0193
135.08,400,9.9,0.1524,71.3,0.0193
131.28,500,9.9,0.1524,71.3,0.0193
129.89,630,9.9,0.1524,71.3,0.0193
128.88,800,9.9,0.1524,71.3,0.0193
126.35,1000,9.9,0.1524,71.3,0.0193
122.68,1250,9.9,0.1524,71.3,0.0193
121.79,1600,9.9,0.1524,71.3,0.0193
120.78,2000,9.9,0.1524,71.3,0.0193
119.64,2500,9.9,0.1524,71.3,0.0193
116.85,3150,9.9,0.1524,71.3,0.0193
115.08,4000,9.9,0.1524,71.3,0.0193
114.57,5000,9.9,0.1524,71.3,0.0193
112.04,6300,9.9,0.1524,71.3,0.0193
131.96,200,9.9,0.1524,55.5,0.020844
133.24,250,9.9,0.1524,55.5,0.020844
132.35,315,9.9,0.1524,55.5,0.020844
131.6,400,9.9,0.1524,55.5,0.020844
127.81,500,9.9,0.1524,55.5,0.020844
127.31,630,9.9,0.1524,55.5,0.020844
126.56,800,9.9,0.1524,55.5,0.020844
124.67,1000,9.9,0.1524,55.5,0.020844
121.64,1250,9.9,0.1524,55.5,0.020844
119.88,1600,9.9,0.1524,55.5,0.020844
119.5,2000,9.9,0.1524,55.5,0.020844
118.36,2500,9.9,0.1524,55.5,0.020844
115.08,3150,9.9,0.1524,55.5,0.020844
112.94,4000,9.9,0.1524,55.5,0.020844
112.06,5000,9.9,0.1524,55.5,0.020844
110.56,6300,9.9,0.1524,55.5,0.020844
127.31,200,9.9,0.1524,39.6,0.023333
128.34,250,9.9,0.1524,39.6,0.023333
128.59,315,9.9,0.1524,39.6,0.023333
128.34,400,9.9,0.1524,39.6,0.023333
126.83,500,9.9,0.1524,39.6,0.023333
126.47,630,9.9,0.1524,39.6,0.023333
126.34,800,9.9,0.1524,39.6,0.023333
123.83,1000,9.9,0.1524,39.6,0.023333
120.56,1250,9.9,0.1524,39.6,0.023333
118.55,1600,9.9,0.1524,39.6,0.023333
117.92,2000,9.9,0.1524,39.6,0.023333
116.3,2500,9.9,0.1524,39.6,0.023333
113.53,3150,9.9,0.1524,39.6,0.023333
112.27,4000,9.9,0.1524,39.6,0.023333
111.14,5000,9.9,0.1524,39.6,0.023333
109.89,6300,9.9,0.1524,39.6,0.023333
127.3,200,9.9,0.1524,31.7,0.025278
128.56,250,9.9,0.1524,31.7,0.025278
128.81,315,9.9,0.1524,31.7,0.025278
128.94,400,9.9,0.1524,31.7,0.025278
127.18,500,9.9,0.1524,31.7,0.025278
126.05,630,9.9,0.1524,31.7,0.025278
125.54,800,9.9,0.1524,31.7,0.025278
122.15,1000,9.9,0.1524,31.7,0.025278
118.62,1250,9.9,0.1524,31.7,0.025278
117.12,1600,9.9,0.1524,31.7,0.025278
116.86,2000,9.9,0.1524,31.7,0.025278
114.73,2500,9.9,0.1524,31.7,0.025278
112.21,3150,9.9,0.1524,31.7,0.025278
111.46,4000,9.9,0.1524,31.7,0.025278
109.95,5000,9.9,0.1524,31.7,0.025278
108.69,6300,9.9,0.1524,31.7,0.025278
128.35,200,12.6,0.1524,71.3,0.048316
129.74,250,12.6,0.1524,71.3,0.048316
128.48,315,12.6,0.1524,71.3,0.048316
127.09,400,12.6,0.1524,71.3,0.048316
121.66,500,12.6,0.1524,71.3,0.048316
123.3,630,12.6,0.1524,71.3,0.048316
123.05,800,12.6,0.1524,71.3,0.048316
122.04,1000,12.6,0.1524,71.3,0.048316
120.15,1250,12.6,0.1524,71.3,0.048316
120.53,1600,12.6,0.1524,71.3,0.048316
117.5,2000,12.6,0.1524,71.3,0.048316
115.23,2500,12.6,0.1524,71.3,0.048316
113.33,3150,12.6,0.1524,71.3,0.048316
108.03,4000,12.6,0.1524,71.3,0.048316
108.03,5000,12.6,0.1524,71.3,0.048316
107.28,6300,12.6,0.1524,71.3,0.048316
114.75,200,12.6,0.1524,39.6,0.058411
115.89,250,12.6,0.1524,39.6,0.058411
116.02,315,12.6,0.1524,39.6,0.058411
115.91,400,12.6,0.1524,39.6,0.058411
114.9,500,12.6,0.1524,39.6,0.058411
116.55,630,12.6,0.1524,39.6,0.058411
116.56,800,12.6,0.1524,39.6,0.058411
114.67,1000,12.6,0.1524,39.6,0.058411
112.16,1250,12.6,0.1524,39.6,0.058411
110.78,1600,12.6,0.1524,39.6,0.058411
109.52,2000,12.6,0.1524,39.6,0.058411
106.88,2500,12.6,0.1524,39.6,0.058411
106.26,3150,12.6,0.1524,39.6,0.058411
104.5,4000,12.6,0.1524,39.6,0.058411
104.13,5000,12.6,0.1524,39.6,0.058411
103.38,6300,12.6,0.1524,39.6,0.058411
130.96,800,0,0.0508,71.3,0.00074048
129.45,1000,0,0.0508,71.3,0.00074048
128.56,1250,0,0.0508,71.3,0.00074048
129.68,1600,0,0.0508,71.3,0.00074048
131.06,2000,0,0.0508,71.3,0.00074048
131.31,2500,0,0.0508,71.3,0.00074048
135.07,3150,0,0.0508,71.3,0.00074048
134.43,4000,0,0.0508,71.3,0.00074048
134.43,5000,0,0.0508,71.3,0.00074048
133.04,6300,0,0.0508,71.3,0.00074048
130.89,8000,0,0.0508,71.3,0.00074048
128.74,10000,0,0.0508,71.3,0.00074048
125.22,12500,0,0.0508,71.3,0.00074048
124.34,800,0,0.0508,55.5,0.00076193
125.59,1000,0,0.0508,55.5,0.00076193
127.08,1250,0,0.0508,55.5,0.00076193
128.58,1600,0,0.0508,55.5,0.00076193
131.46,2000,0,0.0508,55.5,0.00076193
133.96,2500,0,0.0508,55.5,0.00076193
134.83,3150,0,0.0508,55.5,0.00076193
134.95,4000,0,0.0508,55.5,0.00076193
134.56,5000,0,0.0508,55.5,0.00076193
132.8,6300,0,0.0508,55.5,0.00076193
130.16,8000,0,0.0508,55.5,0.00076193
127.64,10000,0,0.0508,55.5,0.00076193
125.38,12500,0,0.0508,55.5,0.00076193
126.51,800,0,0.0508,39.6,0.00079182
127.64,1000,0,0.0508,39.6,0.00079182
129.15,1250,0,0.0508,39.6,0.00079182
130.91,1600,0,0.0508,39.6,0.00079182
132.92,2000,0,0.0508,39.6,0.00079182
134.94,2500,0,0.0508,39.6,0.00079182
135.94,3150,0,0.0508,39.6,0.00079182
135.31,4000,0,0.0508,39.6,0.00079182
134.31,5000,0,0.0508,39.6,0.00079182
131.92,6300,0,0.0508,39.6,0.00079182
128.52,8000,0,0.0508,39.6,0.00079182
126,10000,0,0.0508,39.6,0.00079182
123.99,12500,0,0.0508,39.6,0.00079182
122.79,800,0,0.0508,31.7,0.00081216
126.78,1000,0,0.0508,31.7,0.00081216
129.27,1250,0,0.0508,31.7,0.00081216
131.01,1600,0,0.0508,31.7,0.00081216
133.01,2000,0,0.0508,31.7,0.00081216
134.87,2500,0,0.0508,31.7,0.00081216
135.49,3150,0,0.0508,31.7,0.00081216
134.11,4000,0,0.0508,31.7,0.00081216
133.23,5000,0,0.0508,31.7,0.00081216
130.34,6300,0,0.0508,31.7,0.00081216
126.59,8000,0,0.0508,31.7,0.00081216
122.45,10000,0,0.0508,31.7,0.00081216
119.07,12500,0,0.0508,31.7,0.00081216
124.32,1600,4.2,0.0508,71.3,0.0014279
129.85,2000,4.2,0.0508,71.3,0.0014279
131.98,2500,4.2,0.0508,71.3,0.0014279
133.73,3150,4.2,0.0508,71.3,0.0014279
133.6,4000,4.2,0.0508,71.3,0.0014279
132.83,5000,4.2,0.0508,71.3,0.0014279
129.31,6300,4.2,0.0508,71.3,0.0014279
125.27,8000,4.2,0.0508,71.3,0.0014279
121.24,10000,4.2,0.0508,71.3,0.0014279
117.33,12500,4.2,0.0508,71.3,0.0014279
125.65,1000,4.2,0.0508,39.6,0.0015269
128.43,1250,4.2,0.0508,39.6,0.0015269
130.2,1600,4.2,0.0508,39.6,0.0015269
132.59,2000,4.2,0.0508,39.6,0.0015269
133.85,2500,4.2,0.0508,39.6,0.0015269
133.59,3150,4.2,0.0508,39.6,0.0015269
131.81,4000,4.2,0.0508,39.6,0.0015269
129.78,5000,4.2,0.0508,39.6,0.0015269
125.72,6300,4.2,0.0508,39.6,0.0015269
120.4,8000,4.2,0.0508,39.6,0.0015269
116.97,10000,4.2,0.0508,39.6,0.0015269
127.56,800,8.4,0.0508,71.3,0.0052951
129.95,1000,8.4,0.0508,71.3,0.0052951
132.09,1250,8.4,0.0508,71.3,0.0052951
133.85,1600,8.4,0.0508,71.3,0.0052951
134.48,2000,8.4,0.0508,71.3,0.0052951
134.23,2500,8.4,0.0508,71.3,0.0052951
131.97,3150,8.4,0.0508,71.3,0.0052951
126.93,4000,8.4,0.0508,71.3,0.0052951
121.15,5000,8.4,0.0508,71.3,0.0052951
121.58,400,8.4,0.0508,55.5,0.0054485
123.74,500,8.4,0.0508,55.5,0.0054485
126.15,630,8.4,0.0508,55.5,0.0054485
128.56,800,8.4,0.0508,55.5,0.0054485
130.72,1000,8.4,0.0508,55.5,0.0054485
132.25,1250,8.4,0.0508,55.5,0.0054485
133.03,1600,8.4,0.0508,55.5,0.0054485
133.04,2000,8.4,0.0508,55.5,0.0054485
131.54,2500,8.4,0.0508,55.5,0.0054485
128.4,3150,8.4,0.0508,55.5,0.0054485
122.61,4000,8.4,0.0508,55.5,0.0054485
115.81,5000,8.4,0.0508,55.5,0.0054485
120.02,400,8.4,0.0508,39.6,0.0056623
122.91,500,8.4,0.0508,39.6,0.0056623
126.05,630,8.4,0.0508,39.6,0.0056623
128.44,800,8.4,0.0508,39.6,0.0056623
130.19,1000,8.4,0.0508,39.6,0.0056623
131.21,1250,8.4,0.0508,39.6,0.0056623
130.97,1600,8.4,0.0508,39.6,0.0056623
129.97,2000,8.4,0.0508,39.6,0.0056623
127.47,2500,8.4,0.0508,39.6,0.0056623
123.97,3150,8.4,0.0508,39.6,0.0056623
118.95,4000,8.4,0.0508,39.6,0.0056623
120.08,400,8.4,0.0508,31.7,0.0058078
122.97,500,8.4,0.0508,31.7,0.0058078
125.86,630,8.4,0.0508,31.7,0.0058078
128.25,800,8.4,0.0508,31.7,0.0058078
129.52,1000,8.4,0.0508,31.7,0.0058078
130.16,1250,8.4,0.0508,31.7,0.0058078
129.3,1600,8.4,0.0508,31.7,0.0058078
127.69,2000,8.4,0.0508,31.7,0.0058078
125.58,2500,8.4,0.0508,31.7,0.0058078
122.09,3150,8.4,0.0508,31.7,0.0058078
118.11,4000,8.4,0.0508,31.7,0.0058078
125.94,200,11.2,0.0508,71.3,0.014072
127.1,250,11.2,0.0508,71.3,0.014072
128.38,315,11.2,0.0508,71.3,0.014072
129.28,400,11.2,0.0508,71.3,0.014072
130.31,500,11.2,0.0508,71.3,0.014072
133.61,630,11.2,0.0508,71.3,0.014072
136.03,800,11.2,0.0508,71.3,0.014072
136.94,1000,11.2,0.0508,71.3,0.014072
136.19,1250,11.2,0.0508,71.3,0.014072
135.19,1600,11.2,0.0508,71.3,0.014072
133.31,2000,11.2,0.0508,71.3,0.014072
130.54,2500,11.2,0.0508,71.3,0.014072
127.14,3150,11.2,0.0508,71.3,0.014072
122.47,4000,11.2,0.0508,71.3,0.014072
125.01,200,11.2,0.0508,39.6,0.015048
126.43,250,11.2,0.0508,39.6,0.015048
128.99,315,11.2,0.0508,39.6,0.015048
130.67,400,11.2,0.0508,39.6,0.015048
131.96,500,11.2,0.0508,39.6,0.015048
133.13,630,11.2,0.0508,39.6,0.015048
133.79,800,11.2,0.0508,39.6,0.015048
132.43,1000,11.2,0.0508,39.6,0.015048
130.05,1250,11.2,0.0508,39.6,0.015048
126.54,1600,11.2,0.0508,39.6,0.015048
124.42,2000,11.2,0.0508,39.6,0.015048
122.17,2500,11.2,0.0508,39.6,0.015048
119.67,3150,11.2,0.0508,39.6,0.015048
115.52,4000,11.2,0.0508,39.6,0.015048
123.59,200,15.4,0.0508,71.3,0.026427
124.83,250,15.4,0.0508,71.3,0.026427
126.19,315,15.4,0.0508,71.3,0.026427
126.81,400,15.4,0.0508,71.3,0.026427
127.28,500,15.4,0.0508,71.3,0.026427
129.65,630,15.4,0.0508,71.3,0.026427
131.51,800,15.4,0.0508,71.3,0.026427
131.87,1000,15.4,0.0508,71.3,0.026427
130.84,1250,15.4,0.0508,71.3,0.026427
130.06,1600,15.4,0.0508,71.3,0.026427
129.28,2000,15.4,0.0508,71.3,0.026427
127.62,2500,15.4,0.0508,71.3,0.026427
125.72,3150,15.4,0.0508,71.3,0.026427
122.67,4000,15.4,0.0508,71.3,0.026427
119.14,5000,15.4,0.0508,71.3,0.026427
115.22,6300,15.4,0.0508,71.3,0.026427
112.67,8000,15.4,0.0508,71.3,0.026427
122.94,200,15.4,0.0508,55.5,0.027193
124.17,250,15.4,0.0508,55.5,0.027193
125.39,315,15.4,0.0508,55.5,0.027193
126.5,400,15.4,0.0508,55.5,0.027193
127.22,500,15.4,0.0508,55.5,0.027193
129.33,630,15.4,0.0508,55.5,0.027193
130.43,800,15.4,0.0508,55.5,0.027193
130.4,1000,15.4,0.0508,55.5,0.027193
130,1250,15.4,0.0508,55.5,0.027193
128.2,1600,15.4,0.0508,55.5,0.027193
127.04,2000,15.4,0.0508,55.5,0.027193
125.63,2500,15.4,0.0508,55.5,0.027193
123.46,3150,15.4,0.0508,55.5,0.027193
120.92,4000,15.4,0.0508,55.5,0.027193
117.11,5000,15.4,0.0508,55.5,0.027193
112.93,6300,15.4,0.0508,55.5,0.027193
121.78,200,15.4,0.0508,39.6,0.028259
122.89,250,15.4,0.0508,39.6,0.028259
124.49,315,15.4,0.0508,39.6,0.028259
125.35,400,15.4,0.0508,39.6,0.028259
125.96,500,15.4,0.0508,39.6,0.028259
127.44,630,15.4,0.0508,39.6,0.028259
128.42,800,15.4,0.0508,39.6,0.028259
127.89,1000,15.4,0.0508,39.6,0.028259
126.74,1250,15.4,0.0508,39.6,0.028259
124.84,1600,15.4,0.0508,39.6,0.028259
123.44,2000,15.4,0.0508,39.6,0.028259
122.41,2500,15.4,0.0508,39.6,0.028259
120.51,3150,15.4,0.0508,39.6,0.028259
118.11,4000,15.4,0.0508,39.6,0.028259
114.45,5000,15.4,0.0508,39.6,0.028259
109.66,6300,15.4,0.0508,39.6,0.028259
119.97,200,15.4,0.0508,31.7,0.028985
121.22,250,15.4,0.0508,31.7,0.028985
122.84,315,15.4,0.0508,31.7,0.028985
123.7,400,15.4,0.0508,31.7,0.028985
123.69,500,15.4,0.0508,31.7,0.028985
124.69,630,15.4,0.0508,31.7,0.028985
125.56,800,15.4,0.0508,31.7,0.028985
124.53,1000,15.4,0.0508,31.7,0.028985
123.25,1250,15.4,0.0508,31.7,0.028985
121.48,1600,15.4,0.0508,31.7,0.028985
120.83,2000,15.4,0.0508,31.7,0.028985
119.94,2500,15.4,0.0508,31.7,0.028985
118.05,3150,15.4,0.0508,31.7,0.028985
115.64,4000,15.4,0.0508,31.7,0.028985
112.36,5000,15.4,0.0508,31.7,0.028985
108.19,6300,15.4,0.0508,31.7,0.028985
118,200,19.7,0.0508,71.3,0.034118
119.11,250,19.7,0.0508,71.3,0.034118
121.23,315,19.7,0.0508,71.3,0.034118
123.86,400,19.7,0.0508,71.3,0.034118
127,500,19.7,0.0508,71.3,0.034118
128.37,630,19.7,0.0508,71.3,0.034118
124.56,800,19.7,0.0508,71.3,0.034118
121.89,1000,19.7,0.0508,71.3,0.034118
121.48,1250,19.7,0.0508,71.3,0.034118
120.58,1600,19.7,0.0508,71.3,0.034118
120.06,2000,19.7,0.0508,71.3,0.034118
118.39,2500,19.7,0.0508,71.3,0.034118
116.22,3150,19.7,0.0508,71.3,0.034118
113.05,4000,19.7,0.0508,71.3,0.034118
125.97,200,19.7,0.0508,39.6,0.036484
127.22,250,19.7,0.0508,39.6,0.036484
129.86,315,19.7,0.0508,39.6,0.036484
130.61,400,19.7,0.0508,39.6,0.036484
128.44,500,19.7,0.0508,39.6,0.036484
120.32,630,19.7,0.0508,39.6,0.036484
119.17,800,19.7,0.0508,39.6,0.036484
118.9,1000,19.7,0.0508,39.6,0.036484
118.63,1250,19.7,0.0508,39.6,0.036484
117.6,1600,19.7,0.0508,39.6,0.036484
117.72,2000,19.7,0.0508,39.6,0.036484
116.18,2500,19.7,0.0508,39.6,0.036484
113,3150,19.7,0.0508,39.6,0.036484
108.68,4000,19.7,0.0508,39.6,0.036484
133.71,2500,0,0.0254,71.3,0.00040068
137.01,3150,0,0.0254,71.3,0.00040068
138.56,4000,0,0.0254,71.3,0.00040068
136.84,5000,0,0.0254,71.3,0.00040068
134.99,6300,0,0.0254,71.3,0.00040068
129.87,8000,0,0.0254,71.3,0.00040068
130.79,10000,0,0.0254,71.3,0.00040068
133.21,12500,0,0.0254,71.3,0.00040068
130.48,16000,0,0.0254,71.3,0.00040068
123.22,20000,0,0.0254,71.3,0.00040068
127.62,2000,0,0.0254,55.5,0.00041229
130.07,2500,0,0.0254,55.5,0.00041229
130.5,3150,0,0.0254,55.5,0.00041229
133.22,4000,0,0.0254,55.5,0.00041229
135.8,5000,0,0.0254,55.5,0.00041229
136.1,6300,0,0.0254,55.5,0.00041229
136.16,8000,0,0.0254,55.5,0.00041229
134.56,10000,0,0.0254,55.5,0.00041229
131.45,12500,0,0.0254,55.5,0.00041229
125.68,16000,0,0.0254,55.5,0.00041229
121.93,20000,0,0.0254,55.5,0.00041229
124.16,1600,0,0.0254,39.6,0.00042846
130.03,2000,0,0.0254,39.6,0.00042846
131.84,2500,0,0.0254,39.6,0.00042846
133.28,3150,0,0.0254,39.6,0.00042846
135.35,4000,0,0.0254,39.6,0.00042846
136.54,5000,0,0.0254,39.6,0.00042846
136.83,6300,0,0.0254,39.6,0.00042846
135.87,8000,0,0.0254,39.6,0.00042846
133.38,10000,0,0.0254,39.6,0.00042846
129.12,12500,0,0.0254,39.6,0.00042846
124.99,16000,0,0.0254,39.6,0.00042846
125.13,1000,0,0.0254,31.7,0.00043947
127.95,1250,0,0.0254,31.7,0.00043947
129.27,1600,0,0.0254,31.7,0.00043947
130.7,2000,0,0.0254,31.7,0.00043947
132.9,2500,0,0.0254,31.7,0.00043947
135.23,3150,0,0.0254,31.7,0.00043947
137.05,4000,0,0.0254,31.7,0.00043947
138.61,5000,0,0.0254,31.7,0.00043947
138.54,6300,0,0.0254,31.7,0.00043947
137.21,8000,0,0.0254,31.7,0.00043947
134.23,10000,0,0.0254,31.7,0.00043947
128.98,12500,0,0.0254,31.7,0.00043947
125.63,16000,0,0.0254,31.7,0.00043947
128.4,2000,4.8,0.0254,71.3,0.00084863
130.83,2500,4.8,0.0254,71.3,0.00084863
133.38,3150,4.8,0.0254,71.3,0.00084863
134.93,4000,4.8,0.0254,71.3,0.00084863
135.47,5000,4.8,0.0254,71.3,0.00084863
134.5,6300,4.8,0.0254,71.3,0.00084863
131.52,8000,4.8,0.0254,71.3,0.00084863
127.4,10000,4.8,0.0254,71.3,0.00084863
127.69,12500,4.8,0.0254,71.3,0.00084863
124.21,16000,4.8,0.0254,71.3,0.00084863
119.71,20000,4.8,0.0254,71.3,0.00084863
121.47,1600,4.8,0.0254,55.5,0.00087322
125.05,2000,4.8,0.0254,55.5,0.00087322
129.14,2500,4.8,0.0254,55.5,0.00087322
132.35,3150,4.8,0.0254,55.5,0.00087322
133.92,4000,4.8,0.0254,55.5,0.00087322
135.48,5000,4.8,0.0254,55.5,0.00087322
135.16,6300,4.8,0.0254,55.5,0.00087322
132.18,8000,4.8,0.0254,55.5,0.00087322
126.94,10000,4.8,0.0254,55.5,0.00087322
125.09,12500,4.8,0.0254,55.5,0.00087322
124.39,16000,4.8,0.0254,55.5,0.00087322
121.28,20000,4.8,0.0254,55.5,0.00087322
116.37,500,4.8,0.0254,39.6,0.00090748
118.7,630,4.8,0.0254,39.6,0.00090748
120.77,800,4.8,0.0254,39.6,0.00090748
122.96,1000,4.8,0.0254,39.6,0.00090748
125.03,1250,4.8,0.0254,39.6,0.00090748
125.97,1600,4.8,0.0254,39.6,0.00090748
128.92,2000,4.8,0.0254,39.6,0.00090748
131.24,2500,4.8,0.0254,39.6,0.00090748
133.44,3150,4.8,0.0254,39.6,0.00090748
135,4000,4.8,0.0254,39.6,0.00090748
135.43,5000,4.8,0.0254,39.6,0.00090748
134.34,6300,4.8,0.0254,39.6,0.00090748
131.35,8000,4.8,0.0254,39.6,0.00090748
126.07,10000,4.8,0.0254,39.6,0.00090748
116.13,500,4.8,0.0254,31.7,0.00093079
120.08,630,4.8,0.0254,31.7,0.00093079
122.65,800,4.8,0.0254,31.7,0.00093079
125.35,1000,4.8,0.0254,31.7,0.00093079
127.41,1250,4.8,0.0254,31.7,0.00093079
128.72,1600,4.8,0.0254,31.7,0.00093079
130.15,2000,4.8,0.0254,31.7,0.00093079
132.59,2500,4.8,0.0254,31.7,0.00093079
134.27,3150,4.8,0.0254,31.7,0.00093079
135.33,4000,4.8,0.0254,31.7,0.00093079
135.25,5000,4.8,0.0254,31.7,0.00093079
132.9,6300,4.8,0.0254,31.7,0.00093079
127.01,8000,4.8,0.0254,31.7,0.00093079
125.73,630,9.5,0.0254,71.3,0.0042065
127.21,800,9.5,0.0254,71.3,0.0042065
129.56,1000,9.5,0.0254,71.3,0.0042065
131.66,1250,9.5,0.0254,71.3,0.0042065
133.76,1600,9.5,0.0254,71.3,0.0042065
134.98,2000,9.5,0.0254,71.3,0.0042065
135.96,2500,9.5,0.0254,71.3,0.0042065
136.17,3150,9.5,0.0254,71.3,0.0042065
134.24,4000,9.5,0.0254,71.3,0.0042065
131.19,5000,9.5,0.0254,71.3,0.0042065
127.25,6300,9.5,0.0254,71.3,0.0042065
120.95,400,9.5,0.0254,55.5,0.0043284
123.08,500,9.5,0.0254,55.5,0.0043284
125.45,630,9.5,0.0254,55.5,0.0043284
128.08,800,9.5,0.0254,55.5,0.0043284
130.33,1000,9.5,0.0254,55.5,0.0043284
132.2,1250,9.5,0.0254,55.5,0.0043284
133.06,1600,9.5,0.0254,55.5,0.0043284
134.05,2000,9.5,0.0254,55.5,0.0043284
134.15,2500,9.5,0.0254,55.5,0.0043284
133.25,3150,9.5,0.0254,55.5,0.0043284
131.58,4000,9.5,0.0254,55.5,0.0043284
128.41,5000,9.5,0.0254,55.5,0.0043284
124.22,6300,9.5,0.0254,55.5,0.0043284
116.07,200,9.5,0.0254,39.6,0.0044982
116.92,250,9.5,0.0254,39.6,0.0044982
119.29,315,9.5,0.0254,39.6,0.0044982
121.15,400,9.5,0.0254,39.6,0.0044982
123.89,500,9.5,0.0254,39.6,0.0044982
126.51,630,9.5,0.0254,39.6,0.0044982
129.01,800,9.5,0.0254,39.6,0.0044982
130.37,1000,9.5,0.0254,39.6,0.0044982
130.96,1250,9.5,0.0254,39.6,0.0044982
131.18,1600,9.5,0.0254,39.6,0.0044982
131.27,2000,9.5,0.0254,39.6,0.0044982
131.23,2500,9.5,0.0254,39.6,0.0044982
129.93,3150,9.5,0.0254,39.6,0.0044982
127.86,4000,9.5,0.0254,39.6,0.0044982
125.04,5000,9.5,0.0254,39.6,0.0044982
120.32,6300,9.5,0.0254,39.6,0.0044982
119.15,200,9.5,0.0254,31.7,0.0046138
120.14,250,9.5,0.0254,31.7,0.0046138
122.77,315,9.5,0.0254,31.7,0.0046138
124.76,400,9.5,0.0254,31.7,0.0046138
126.89,500,9.5,0.0254,31.7,0.0046138
129.01,630,9.5,0.0254,31.7,0.0046138
130.75,800,9.5,0.0254,31.7,0.0046138
131.35,1000,9.5,0.0254,31.7,0.0046138
131.45,1250,9.5,0.0254,31.7,0.0046138
131.04,1600,9.5,0.0254,31.7,0.0046138
130.5,2000,9.5,0.0254,31.7,0.0046138
130.09,2500,9.5,0.0254,31.7,0.0046138
128.54,3150,9.5,0.0254,31.7,0.0046138
126.74,4000,9.5,0.0254,31.7,0.0046138
124.43,5000,9.5,0.0254,31.7,0.0046138
120.73,6300,9.5,0.0254,31.7,0.0046138
119.7,250,12.7,0.0254,71.3,0.012181
122.94,315,12.7,0.0254,71.3,0.012181
125.05,400,12.7,0.0254,71.3,0.012181
126.9,500,12.7,0.0254,71.3,0.012181
128.88,630,12.7,0.0254,71.3,0.012181
130.35,800,12.7,0.0254,71.3,0.012181
131.7,1000,12.7,0.0254,71.3,0.012181
133.05,1250,12.7,0.0254,71.3,0.012181
134.53,1600,12.7,0.0254,71.3,0.012181
134.23,2000,12.7,0.0254,71.3,0.012181
134.06,2500,12.7,0.0254,71.3,0.012181
133.76,3150,12.7,0.0254,71.3,0.012181
131.81,4000,12.7,0.0254,71.3,0.012181
128.98,5000,12.7,0.0254,71.3,0.012181
125.4,6300,12.7,0.0254,71.3,0.012181
120.54,8000,12.7,0.0254,71.3,0.012181
114.42,10000,12.7,0.0254,71.3,0.012181
121.55,250,12.7,0.0254,39.6,0.013025
123.54,315,12.7,0.0254,39.6,0.013025
125.53,400,12.7,0.0254,39.6,0.013025
127.13,500,12.7,0.0254,39.6,0.013025
128.87,630,12.7,0.0254,39.6,0.013025
130.22,800,12.7,0.0254,39.6,0.013025
130.95,1000,12.7,0.0254,39.6,0.013025
130.78,1250,12.7,0.0254,39.6,0.013025
129.98,1600,12.7,0.0254,39.6,0.013025
129.57,2000,12.7,0.0254,39.6,0.013025
129.03,2500,12.7,0.0254,39.6,0.013025
127.85,3150,12.7,0.0254,39.6,0.013025
126.54,4000,12.7,0.0254,39.6,0.013025
125.11,5000,12.7,0.0254,39.6,0.013025
123.18,6300,12.7,0.0254,39.6,0.013025
120.61,8000,12.7,0.0254,39.6,0.013025
116.02,10000,12.7,0.0254,39.6,0.013025
112.51,200,17.4,0.0254,71.3,0.016104
113.8,250,17.4,0.0254,71.3,0.016104
115.85,315,17.4,0.0254,71.3,0.016104
117.4,400,17.4,0.0254,71.3,0.016104
119.81,500,17.4,0.0254,71.3,0.016104
122.61,630,17.4,0.0254,71.3,0.016104
124.28,800,17.4,0.0254,71.3,0.016104
125.82,1000,17.4,0.0254,71.3,0.016104
126.36,1250,17.4,0.0254,71.3,0.016104
126.41,1600,17.4,0.0254,71.3,0.016104
126.83,2000,17.4,0.0254,71.3,0.016104
126.75,2500,17.4,0.0254,71.3,0.016104
126.54,3150,17.4,0.0254,71.3,0.016104
125.59,4000,17.4,0.0254,71.3,0.016104
123.13,5000,17.4,0.0254,71.3,0.016104
119.92,6300,17.4,0.0254,71.3,0.016104
115.47,8000,17.4,0.0254,71.3,0.016104
109.95,200,17.4,0.0254,55.5,0.016571
110.49,250,17.4,0.0254,55.5,0.016571
111.91,315,17.4,0.0254,55.5,0.016571
115.46,400,17.4,0.0254,55.5,0.016571
119.62,500,17.4,0.0254,55.5,0.016571
122.41,630,17.4,0.0254,55.5,0.016571
123.09,800,17.4,0.0254,55.5,0.016571
126,1000,17.4,0.0254,55.5,0.016571
129.3,1250,17.4,0.0254,55.5,0.016571
126.47,1600,17.4,0.0254,55.5,0.016571
125.26,2000,17.4,0.0254,55.5,0.016571
124.93,2500,17.4,0.0254,55.5,0.016571
124.1,3150,17.4,0.0254,55.5,0.016571
121.77,4000,17.4,0.0254,55.5,0.016571
118.94,5000,17.4,0.0254,55.5,0.016571
114.86,6300,17.4,0.0254,55.5,0.016571
114.04,200,17.4,0.0254,39.6,0.017221
114.71,250,17.4,0.0254,39.6,0.017221
115.14,315,17.4,0.0254,39.6,0.017221
115.44,400,17.4,0.0254,39.6,0.017221
117.51,500,17.4,0.0254,39.6,0.017221
124.51,630,17.4,0.0254,39.6,0.017221
135.32,800,17.4,0.0254,39.6,0.017221
138.27,1000,17.4,0.0254,39.6,0.017221
131.36,1250,17.4,0.0254,39.6,0.017221
127.61,1600,17.4,0.0254,39.6,0.017221
126.64,2000,17.4,0.0254,39.6,0.017221
124.15,2500,17.4,0.0254,39.6,0.017221
123.56,3150,17.4,0.0254,39.6,0.017221
122.72,4000,17.4,0.0254,39.6,0.017221
119.85,5000,17.4,0.0254,39.6,0.017221
116.15,200,17.4,0.0254,31.7,0.017663
116.96,250,17.4,0.0254,31.7,0.017663
118.42,315,17.4,0.0254,31.7,0.017663
120.77,400,17.4,0.0254,31.7,0.017663
127.68,500,17.4,0.0254,31.7,0.017663
136.89,630,17.4,0.0254,31.7,0.017663
139.23,800,17.4,0.0254,31.7,0.017663
131.8,1000,17.4,0.0254,31.7,0.017663
128.31,1250,17.4,0.0254,31.7,0.017663
126.85,1600,17.4,0.0254,31.7,0.017663
124.36,2000,17.4,0.0254,31.7,0.017663
124.17,2500,17.4,0.0254,31.7,0.017663
123.47,3150,17.4,0.0254,31.7,0.017663
122,4000,17.4,0.0254,31.7,0.017663
118,5000,17.4,0.0254,31.7,0.017663
115.86,315,22.2,0.0254,71.3,0.021418
117.93,400,22.2,0.0254,71.3,0.021418
117.97,500,22.2,0.0254,71.3,0.021418
120.66,630,22.2,0.0254,71.3,0.021418
123.23,800,22.2,0.0254,71.3,0.021418
134.25,1000,22.2,0.0254,71.3,0.021418
140.99,1250,22.2,0.0254,71.3,0.021418
131.82,1600,22.2,0.0254,71.3,0.021418
127.2,2000,22.2,0.0254,71.3,0.021418
126.1,2500,22.2,0.0254,71.3,0.021418
124.13,3150,22.2,0.0254,71.3,0.021418
123.92,4000,22.2,0.0254,71.3,0.021418
125.73,5000,22.2,0.0254,71.3,0.021418
123.13,6300,22.2,0.0254,71.3,0.021418
121.66,8000,22.2,0.0254,71.3,0.021418
116.07,200,22.2,0.0254,39.6,0.022903
117.39,250,22.2,0.0254,39.6,0.022903
120.72,315,22.2,0.0254,39.6,0.022903
123.42,400,22.2,0.0254,39.6,0.022903
129.78,500,22.2,0.0254,39.6,0.022903
137.03,630,22.2,0.0254,39.6,0.022903
137.08,800,22.2,0.0254,39.6,0.022903
128.42,1000,22.2,0.0254,39.6,0.022903
126.45,1250,22.2,0.0254,39.6,0.022903
122.22,1600,22.2,0.0254,39.6,0.022903
121.26,2000,22.2,0.0254,39.6,0.022903
121.31,2500,22.2,0.0254,39.6,0.022903
120.86,3150,22.2,0.0254,39.6,0.022903
119.65,4000,22.2,0.0254,39.6,0.022903
118.82,5000,22.2,0.0254,39.6,0.022903
124.16,630,0,0.1016,71.3,0.0012107
126.81,800,0,0.1016,71.3,0.0012107
128.82,1000,0,0.1016,71.3,0.0012107
130.34,1250,0,0.1016,71.3,0.0012107
131.72,1600,0,0.1016,71.3,0.0012107
132.09,2000,0,0.1016,71.3,0.0012107
132.59,2500,0,0.1016,71.3,0.0012107
131.96,3150,0,0.1016,71.3,0.0012107
130.94,4000,0,0.1016,71.3,0.0012107
130.79,5000,0,0.1016,71.3,0.0012107
129.4,6300,0,0.1016,71.3,0.0012107
125.47,8000,0,0.1016,71.3,0.0012107
123.31,10000,0,0.1016,71.3,0.0012107
119.38,12500,0,0.1016,71.3,0.0012107
126.17,630,0,0.1016,55.5,0.0013198
127.92,800,0,0.1016,55.5,0.0013198
129.8,1000,0,0.1016,55.5,0.0013198
131.43,1250,0,0.1016,55.5,0.0013198
132.05,1600,0,0.1016,55.5,0.0013198
132.54,2000,0,0.1016,55.5,0.0013198
133.04,2500,0,0.1016,55.5,0.0013198
131.78,3150,0,0.1016,55.5,0.0013198
129.5,4000,0,0.1016,55.5,0.0013198
128.36,5000,0,0.1016,55.5,0.0013198
127.73,6300,0,0.1016,55.5,0.0013198
124.45,8000,0,0.1016,55.5,0.0013198
121.93,10000,0,0.1016,55.5,0.0013198
119.91,12500,0,0.1016,55.5,0.0013198
125.4,630,0,0.1016,39.6,0.0014633
128.4,800,0,0.1016,39.6,0.0014633
130.78,1000,0,0.1016,39.6,0.0014633
132.27,1250,0,0.1016,39.6,0.0014633
133.26,1600,0,0.1016,39.6,0.0014633
133.25,2000,0,0.1016,39.6,0.0014633
132.61,2500,0,0.1016,39.6,0.0014633
130.96,3150,0,0.1016,39.6,0.0014633
127.8,4000,0,0.1016,39.6,0.0014633
126.02,5000,0,0.1016,39.6,0.0014633
125.63,6300,0,0.1016,39.6,0.0014633
122.34,8000,0,0.1016,39.6,0.0014633
119.56,10000,0,0.1016,39.6,0.0014633
126.41,630,0,0.1016,31.7,0.0015009
129.05,800,0,0.1016,31.7,0.0015009
131.31,1000,0,0.1016,31.7,0.0015009
133.06,1250,0,0.1016,31.7,0.0015009
133.55,1600,0,0.1016,31.7,0.0015009
133.15,2000,0,0.1016,31.7,0.0015009
132,2500,0,0.1016,31.7,0.0015009
129.97,3150,0,0.1016,31.7,0.0015009
126.93,4000,0,0.1016,31.7,0.0015009
124.39,5000,0,0.1016,31.7,0.0015009
124.25,6300,0,0.1016,31.7,0.0015009
120.19,8000,0,0.1016,31.7,0.0015009
115.89,10000,0,0.1016,31.7,0.0015009
131.07,800,3.3,0.1016,71.3,0.0020282
131.43,1000,3.3,0.1016,71.3,0.0020282
132.3,1250,3.3,0.1016,71.3,0.0020282
133.66,1600,3.3,0.1016,71.3,0.0020282
134.03,2000,3.3,0.1016,71.3,0.0020282
133.89,2500,3.3,0.1016,71.3,0.0020282
132.11,3150,3.3,0.1016,71.3,0.0020282
128.7,4000,3.3,0.1016,71.3,0.0020282
127.05,5000,3.3,0.1016,71.3,0.0020282
124.9,6300,3.3,0.1016,71.3,0.0020282
121.23,8000,3.3,0.1016,71.3,0.0020282
116.69,10000,3.3,0.1016,71.3,0.0020282
126.6,630,3.3,0.1016,55.5,0.002211
129.12,800,3.3,0.1016,55.5,0.002211
131.13,1000,3.3,0.1016,55.5,0.002211
132.77,1250,3.3,0.1016,55.5,0.002211
133.65,1600,3.3,0.1016,55.5,0.002211
133.65,2000,3.3,0.1016,55.5,0.002211
132.89,2500,3.3,0.1016,55.5,0.002211
130.63,3150,3.3,0.1016,55.5,0.002211
127.23,4000,3.3,0.1016,55.5,0.002211
124.84,5000,3.3,0.1016,55.5,0.002211
123.84,6300,3.3,0.1016,55.5,0.002211
120.57,8000,3.3,0.1016,55.5,0.002211
115.66,10000,3.3,0.1016,55.5,0.002211
127.25,630,3.3,0.1016,39.6,0.0024514
129.99,800,3.3,0.1016,39.6,0.0024514
131.97,1000,3.3,0.1016,39.6,0.0024514
133.21,1250,3.3,0.1016,39.6,0.0024514
133.07,1600,3.3,0.1016,39.6,0.0024514
132.3,2000,3.3,0.1016,39.6,0.0024514
130.79,2500,3.3,0.1016,39.6,0.0024514
128.4,3150,3.3,0.1016,39.6,0.0024514
124.88,4000,3.3,0.1016,39.6,0.0024514
122.37,5000,3.3,0.1016,39.6,0.0024514
120.85,6300,3.3,0.1016,39.6,0.0024514
118.09,8000,3.3,0.1016,39.6,0.0024514
115.32,10000,3.3,0.1016,39.6,0.0024514
128.95,630,3.3,0.1016,31.7,0.0025143
131.36,800,3.3,0.1016,31.7,0.0025143
133.01,1000,3.3,0.1016,31.7,0.0025143
134.02,1250,3.3,0.1016,31.7,0.0025143
133.4,1600,3.3,0.1016,31.7,0.0025143
131.64,2000,3.3,0.1016,31.7,0.0025143
130.39,2500,3.3,0.1016,31.7,0.0025143
128.25,3150,3.3,0.1016,31.7,0.0025143
124.85,4000,3.3,0.1016,31.7,0.0025143
122.08,5000,3.3,0.1016,31.7,0.0025143
120.7,6300,3.3,0.1016,31.7,0.0025143
117.43,8000,3.3,0.1016,31.7,0.0025143
131.45,630,6.7,0.1016,71.3,0.0047829
134.48,800,6.7,0.1016,71.3,0.0047829
136.76,1000,6.7,0.1016,71.3,0.0047829
137.66,1250,6.7,0.1016,71.3,0.0047829
136.68,1600,6.7,0.1016,71.3,0.0047829
134.57,2000,6.7,0.1016,71.3,0.0047829
131.46,2500,6.7,0.1016,71.3,0.0047829
124.46,3150,6.7,0.1016,71.3,0.0047829
129.34,500,6.7,0.1016,55.5,0.0052139
133.02,630,6.7,0.1016,55.5,0.0052139
135.95,800,6.7,0.1016,55.5,0.0052139
137.23,1000,6.7,0.1016,55.5,0.0052139
136.88,1250,6.7,0.1016,55.5,0.0052139
133.65,1600,6.7,0.1016,55.5,0.0052139
129.65,2000,6.7,0.1016,55.5,0.0052139
124.27,2500,6.7,0.1016,55.5,0.0052139
128.29,400,6.7,0.1016,39.6,0.0057808
130.96,500,6.7,0.1016,39.6,0.0057808
133.35,630,6.7,0.1016,39.6,0.0057808
134.62,800,6.7,0.1016,39.6,0.0057808
134.51,1000,6.7,0.1016,39.6,0.0057808
132.4,1250,6.7,0.1016,39.6,0.0057808
127.38,1600,6.7,0.1016,39.6,0.0057808
122.23,2000,6.7,0.1016,39.6,0.0057808
126.27,315,6.7,0.1016,31.7,0.0059293
128.3,400,6.7,0.1016,31.7,0.0059293
130.21,500,6.7,0.1016,31.7,0.0059293
132.12,630,6.7,0.1016,31.7,0.0059293
132.89,800,6.7,0.1016,31.7,0.0059293
131.64,1000,6.7,0.1016,31.7,0.0059293
129.26,1250,6.7,0.1016,31.7,0.0059293
124.35,1600,6.7,0.1016,31.7,0.0059293
120.45,2000,6.7,0.1016,31.7,0.0059293
133.5,200,8.9,0.1016,71.3,0.010309
134.53,250,8.9,0.1016,71.3,0.010309
136.58,315,8.9,0.1016,71.3,0.010309
138.12,400,8.9,0.1016,71.3,0.010309
138.52,500,8.9,0.1016,71.3,0.010309
138.42,630,8.9,0.1016,71.3,0.010309
137.81,800,8.9,0.1016,71.3,0.010309
135.43,1000,8.9,0.1016,71.3,0.010309
132.79,1250,8.9,0.1016,71.3,0.010309
128.76,1600,8.9,0.1016,71.3,0.010309
124.23,2000,8.9,0.1016,71.3,0.010309
123.62,2500,8.9,0.1016,71.3,0.010309
123.26,3150,8.9,0.1016,71.3,0.010309
120.24,4000,8.9,0.1016,71.3,0.010309
116.72,5000,8.9,0.1016,71.3,0.010309
117.25,6300,8.9,0.1016,71.3,0.010309
133.42,200,8.9,0.1016,39.6,0.01246
134.34,250,8.9,0.1016,39.6,0.01246
135.38,315,8.9,0.1016,39.6,0.01246
135.54,400,8.9,0.1016,39.6,0.01246
133.79,500,8.9,0.1016,39.6,0.01246
131.92,630,8.9,0.1016,39.6,0.01246
130.94,800,8.9,0.1016,39.6,0.01246
129.58,1000,8.9,0.1016,39.6,0.01246
127.71,1250,8.9,0.1016,39.6,0.01246
123.82,1600,8.9,0.1016,39.6,0.01246
119.04,2000,8.9,0.1016,39.6,0.01246
119.19,2500,8.9,0.1016,39.6,0.01246
119.35,3150,8.9,0.1016,39.6,0.01246
116.22,4000,8.9,0.1016,39.6,0.01246
113.08,5000,8.9,0.1016,39.6,0.01246
113.11,6300,8.9,0.1016,39.6,0.01246
130.59,200,12.3,0.1016,71.3,0.033779
131.57,250,12.3,0.1016,71.3,0.033779
137.07,315,12.3,0.1016,71.3,0.033779
139.43,400,12.3,0.1016,71.3,0.033779
140.16,500,12.3,0.1016,71.3,0.033779
135.37,630,12.3,0.1016,71.3,0.033779
127.32,800,12.3,0.1016,71.3,0.033779
127.93,1000,12.3,0.1016,71.3,0.033779
126.65,1250,12.3,0.1016,71.3,0.033779
124.75,1600,12.3,0.1016,71.3,0.033779
122.22,2000,12.3,0.1016,71.3,0.033779
121.32,2500,12.3,0.1016,71.3,0.033779
120.8,3150,12.3,0.1016,71.3,0.033779
118.02,4000,12.3,0.1016,71.3,0.033779
116.11,5000,12.3,0.1016,71.3,0.033779
113.96,6300,12.3,0.1016,71.3,0.033779
132.3,200,12.3,0.1016,55.5,0.036823
133.29,250,12.3,0.1016,55.5,0.036823
135.67,315,12.3,0.1016,55.5,0.036823
136.41,400,12.3,0.1016,55.5,0.036823
133.77,500,12.3,0.1016,55.5,0.036823
124.24,630,12.3,0.1016,55.5,0.036823
125.11,800,12.3,0.1016,55.5,0.036823
125.48,1000,12.3,0.1016,55.5,0.036823
124.21,1250,12.3,0.1016,55.5,0.036823
121.82,1600,12.3,0.1016,55.5,0.036823
118.56,2000,12.3,0.1016,55.5,0.036823
117.05,2500,12.3,0.1016,55.5,0.036823
116.91,3150,12.3,0.1016,55.5,0.036823
114.4,4000,12.3,0.1016,55.5,0.036823
112.01,5000,12.3,0.1016,55.5,0.036823
110.12,6300,12.3,0.1016,55.5,0.036823
128.54,200,12.3,0.1016,39.6,0.040827
129.68,250,12.3,0.1016,39.6,0.040827
129.41,315,12.3,0.1016,39.6,0.040827
128.26,400,12.3,0.1016,39.6,0.040827
122.2,500,12.3,0.1016,39.6,0.040827
121.31,630,12.3,0.1016,39.6,0.040827
122.31,800,12.3,0.1016,39.6,0.040827
122.44,1000,12.3,0.1016,39.6,0.040827
121.17,1250,12.3,0.1016,39.6,0.040827
117.88,1600,12.3,0.1016,39.6,0.040827
114.08,2000,12.3,0.1016,39.6,0.040827
113.31,2500,12.3,0.1016,39.6,0.040827
113.06,3150,12.3,0.1016,39.6,0.040827
110.91,4000,12.3,0.1016,39.6,0.040827
108.62,5000,12.3,0.1016,39.6,0.040827
107.98,6300,12.3,0.1016,39.6,0.040827
124.99,200,12.3,0.1016,31.7,0.041876
125.86,250,12.3,0.1016,31.7,0.041876
124.72,315,12.3,0.1016,31.7,0.041876
123.21,400,12.3,0.1016,31.7,0.041876
118.67,500,12.3,0.1016,31.7,0.041876
119.29,630,12.3,0.1016,31.7,0.041876
120.04,800,12.3,0.1016,31.7,0.041876
119.78,1000,12.3,0.1016,31.7,0.041876
118.77,1250,12.3,0.1016,31.7,0.041876
114.48,1600,12.3,0.1016,31.7,0.041876
110.45,2000,12.3,0.1016,31.7,0.041876
110.32,2500,12.3,0.1016,31.7,0.041876
110.31,3150,12.3,0.1016,31.7,0.041876
108.41,4000,12.3,0.1016,31.7,0.041876
107.15,5000,12.3,0.1016,31.7,0.041876
107.27,6300,12.3,0.1016,31.7,0.041876
130.9,200,15.6,0.1016,71.3,0.043726
132.16,250,15.6,0.1016,71.3,0.043726
133.81,315,15.6,0.1016,71.3,0.043726
134.06,400,15.6,0.1016,71.3,0.043726
130.64,500,15.6,0.1016,71.3,0.043726
122.29,630,15.6,0.1016,71.3,0.043726
124.19,800,15.6,0.1016,71.3,0.043726
124.44,1000,15.6,0.1016,71.3,0.043726
123.18,1250,15.6,0.1016,71.3,0.043726
121.53,1600,15.6,0.1016,71.3,0.043726
119.89,2000,15.6,0.1016,71.3,0.043726
119,2500,15.6,0.1016,71.3,0.043726
116.47,3150,15.6,0.1016,71.3,0.043726
113.3,4000,15.6,0.1016,71.3,0.043726
123.51,200,15.6,0.1016,39.6,0.052849
124.64,250,15.6,0.1016,39.6,0.052849
122.75,315,15.6,0.1016,39.6,0.052849
120.48,400,15.6,0.1016,39.6,0.052849
115.3,500,15.6,0.1016,39.6,0.052849
118.08,630,15.6,0.1016,39.6,0.052849
118.96,800,15.6,0.1016,39.6,0.052849
119.22,1000,15.6,0.1016,39.6,0.052849
118.21,1250,15.6,0.1016,39.6,0.052849
114.55,1600,15.6,0.1016,39.6,0.052849
110.89,2000,15.6,0.1016,39.6,0.052849
110.26,2500,15.6,0.1016,39.6,0.052849
109.25,3150,15.6,0.1016,39.6,0.052849
106.6,4000,15.6,0.1016,39.6,0.052849
106.22,5000,15.6,0.1016,39.6,0.052849
104.2,6300,15.6,0.1016,39.6,0.052849
